100198
100197
100196
100280
100279
10968
107793
107792
107794
05029
05028
104299
05030
104297
104298
10972
10973
10971
01212
103750
00678
113791
113793
113792
103896
103898
103898
103897
02754
02755
1060
100831
100832
100833
11178
11179
101418
109275
109274
109273
02021
02020
02022
11178
11179
101418
09769
09768
09770
108604
108605
108606
02017
02018
02019
05087
07596
07597
112808
02578
08203
00084
00085
00086
104979
104977
104978
106196
106198
106197
105811
105810
105809
101999
101997
101998
111389
111390
111388
104060
104062
104061
106856
106855
106854
08215
08216
08217
01748
1117
01749
106968
06259
113999
112602
10071
04511
113926

